[GENERAL]
object_margin = 5
background = ""
port = 7890
disp_x = -280.0
disp_y = -171.64502164502164
sf_x = 2.0
sf_y = 1.7316017316017316
width = 320
height = 231
x = 122
y = 128

[CIRCLE_DETAILS]
max_radius = 21
min_radius = 11
object_depth = 20

