[GENERAL]
object_margin = 5
background = ""
port = 7890
disp_x = -291.7711598746081
disp_y = -104.3478260869565
sf_x = 2.006269592476489
sf_y = 1.7391304347826086
width = 319
height = 230
x = 123
y = 129

[CIRCLE_DETAILS]
max_radius = 20
min_radius = 10
object_depth = 20

