[GENERAL]
object_margin = 5
background = ""
port = 7890
disp_x = -267.3920265780731
disp_y = -100.18719211822662
sf_x = 2.12624584717608
sf_y = 1.9704433497536946
width = 301
height = 203
x = 114
y = 129

[CIRCLE_DETAILS]
max_radius = 20
min_radius = 10
object_depth = 20

